
M 0,50 C 3.7261849,43.972978 12.143579,25.047439 25,25 37.265394,24.95474 43.601935,40.102847 50,50 56.492569,60.043341 63.214939,74.965109 75,75 86.774445,75.03486 97.176927,55.817084 100,50;
M 0,67.783268 C 4.5954915,61.952933 18.902396,39.634571 25,32.5 c 6.201142,-7.255717 15.631361,-11.831621 25,-0.2 7.392538,9.178195 17.64646,26.09053 25,35.3 11.09579,13.896212 22.163809,4.17732 25,-0.154045;
M 0,75 C 10.4719,74.63989 17.313969,61.683122 25,50 33.18168,37.563468 39.840845,25.340729 50,25.25269 59.608052,25.169427 68.966972,39.876193 75,50 c 7.990729,13.408955 16.251833,24.901411 25,25;
m 0,67.785199 c 3.3589644,4.070736 11.912641,13.57173 25,-0.0242 7.454921,-7.744616 16.7926,-27.100215 25,-35.517 9.164222,-9.398016 16.705634,-9.792907 25,0.333 7.191786,8.779858 21.894993,32.535453 25,34.878;
M 0,50 C 3.167537,54.577077 13.250062,75.104123 25,75 36.78465,74.895569 43.710695,58.828135 50,50 56.838069,40.401579 63.216969,25.221514 75,25 86.771871,24.778696 97.244916,45.891976 100,50;
M 0,32.361475 C 5.4820235,36.626594 17.001993,57.846787 25,67.232 33.235255,76.895609 41.878979,77.882554 50,67.613 58.687432,56.627184 69.112606,39.115669 75,32.451 85.079577,21.040681 93.346866,24.51021 100,32.428;
m 0,25 c 3.3674859,0.04981 10.400575,0.543061 25,25 6.915278,11.584465 17.132806,24.632174 25,25 7.361917,0.344202 15.976451,-9.539929 25,-25 13.454136,-23.051009 21.339586,-25.095763 25,-25;
M 0.05742629,33.068809 C 6.4310437,26.631832 12.63763,19.225543 25,32.052447 30.765425,38.034516 41.995192,58.240611 50,66.89 59.95837,77.650261 65.262461,77.871074 75,68.29701;
M 0,50 C 3.7261849,43.972978 12.143579,25.047439 25,25 37.265394,24.95474 43.601935,40.102847 50,50 56.492569,60.043341 63.214939,74.965109 75,75 86.774445,75.03486 97.176927,55.817084 100,50;

